height(cm)
6.20000000000000
6.50000000000000
7.30000000000000
7.30000000000000
7.80000000000000
8
8.10000000000000
8.30000000000000
8.50000000000000
8.50000000000000
8.50000000000000
8.60000000000000
8.60000000000000
8.70000000000000
8.80000000000000
8.90000000000000
8.90000000000000
8.90000000000000
9
9.10000000000000
9.30000000000000
9.40000000000000
9.50000000000000
9.50000000000000
9.50000000000000
9.50000000000000
9.60000000000000
9.60000000000000
9.60000000000000
9.70000000000000
9.70000000000000
9.80000000000000
10.1000000000000
10.1000000000000
10.1000000000000
10.1000000000000
10.4000000000000
10.4000000000000
10.4000000000000
10.5000000000000
10.6000000000000
10.6000000000000
10.7000000000000
10.8000000000000
10.8000000000000
10.9000000000000
10.9000000000000
11
11
11
11.1000000000000
11.1000000000000
11.2000000000000
11.2000000000000
11.2000000000000
11.5000000000000
11.5000000000000
11.6000000000000
11.8000000000000
11.9000000000000
12
12
12
12.1000000000000
12.2000000000000
12.2000000000000
12.3000000000000
12.4000000000000
12.4000000000000
12.5000000000000
12.5000000000000
12.5000000000000
12.5000000000000
12.5000000000000
12.6000000000000
12.6000000000000
12.7000000000000
12.8000000000000
12.8000000000000
12.8000000000000
12.9000000000000
13
13.1000000000000
13.2000000000000
13.3000000000000
13.3000000000000
13.3000000000000
13.5000000000000
13.5000000000000
13.5000000000000
13.5000000000000
13.6000000000000
13.6000000000000
13.6000000000000
13.7000000000000
13.7000000000000
13.7000000000000
13.8000000000000
13.9000000000000
13.9000000000000
13.9000000000000
14
14.1000000000000
14.2000000000000
14.2000000000000
14.3000000000000
14.3000000000000
14.3000000000000
14.5000000000000
14.5000000000000
14.6000000000000
14.6000000000000
14.7000000000000
14.8000000000000
15
15
15.1000000000000
15.1000000000000
15.2000000000000
15.3000000000000
15.3000000000000
15.4000000000000
15.5000000000000
15.5000000000000
15.5000000000000
15.6000000000000
15.7000000000000
15.7000000000000
15.8000000000000
15.8000000000000
15.9000000000000
15.9000000000000
16
16.1000000000000
16.3000000000000
16.3000000000000
16.3000000000000
16.4000000000000
16.4000000000000
16.5000000000000
16.6000000000000
16.6000000000000
16.7000000000000
16.8000000000000
16.9000000000000
17
17.4000000000000
17.4000000000000
17.5000000000000
17.7000000000000
17.8000000000000
17.8000000000000
17.8000000000000
17.8000000000000
18.1000000000000
18.2000000000000
18.3000000000000
18.5000000000000
18.5000000000000
18.8000000000000
19.5000000000000
19.6000000000000
21.1000000000000
21.1000000000000
21.6000000000000
22.1000000000000
22.4000000000000
22.5000000000000
22.5000000000000
22.5000000000000
22.8000000000000
23.5000000000000
23.6000000000000
23.8000000000000
24.3000000000000
27.5000000000000
4.50000000000000
5.60000000000000
5.90000000000000
6.20000000000000
7.20000000000000
7.30000000000000
7.80000000000000
7.90000000000000
7.90000000000000
8.20000000000000
8.30000000000000
8.30000000000000
8.40000000000000
8.80000000000000
9
9.20000000000000
9.20000000000000
9.40000000000000
9.50000000000000
9.50000000000000
9.50000000000000
9.70000000000000
9.70000000000000
9.80000000000000
9.80000000000000
9.80000000000000
9.90000000000000
10
10.1000000000000
10.1000000000000
10.2000000000000
10.2000000000000
10.3000000000000
10.5000000000000
10.5000000000000
10.6000000000000
10.6000000000000
10.6000000000000
10.6000000000000
10.7000000000000
10.8000000000000
10.9000000000000
11
11
11
11
11
11.1000000000000
11.1000000000000
11.3000000000000
11.5000000000000
11.5000000000000
11.6000000000000
11.6000000000000
11.6000000000000
11.6000000000000
11.7000000000000
11.8000000000000
12
12
12
12
12
12
12
12.1000000000000
12.2000000000000
12.2000000000000
12.5000000000000
12.5000000000000
12.7000000000000
12.8000000000000
12.8000000000000
12.9000000000000
13.1000000000000
13.2000000000000
13.2000000000000
13.5000000000000
13.5000000000000
13.5000000000000
13.7000000000000
13.7000000000000
13.8000000000000
13.9000000000000
14
14
14
14.1000000000000
14.1000000000000
14.1000000000000
14.1000000000000
14.2000000000000
14.2000000000000
14.2000000000000
14.2000000000000
14.3000000000000
14.3000000000000
14.4000000000000
14.4000000000000
14.5000000000000
14.5000000000000
14.6000000000000
14.8000000000000
14.8000000000000
14.8000000000000
14.9000000000000
15
15
15.1000000000000
15.1000000000000
15.1000000000000
15.1000000000000
15.1000000000000
15.3000000000000
15.5000000000000
15.5000000000000
15.6000000000000
15.7000000000000
15.8000000000000
15.8000000000000
15.9000000000000
15.9000000000000
16
16
16
16.1000000000000
16.2000000000000
16.2000000000000
16.2000000000000
16.2000000000000
16.3000000000000
16.4000000000000
16.5000000000000
16.7000000000000
16.7000000000000
16.8000000000000
16.8000000000000
16.9000000000000
16.9000000000000
17
17
17
17
17
17.1000000000000
17.2000000000000
17.3000000000000
17.3000000000000
17.3000000000000
17.4000000000000
17.6000000000000
17.6000000000000
17.7000000000000
17.8000000000000
17.8000000000000
17.9000000000000
18.1000000000000
18.1000000000000
18.1000000000000
18.2000000000000
18.2000000000000
18.3000000000000
18.5000000000000
18.6000000000000
18.6000000000000
18.8000000000000
18.9000000000000
19.4000000000000
19.5000000000000
19.5000000000000
19.7000000000000
19.9000000000000
20.5000000000000
20.8000000000000
21
21.5000000000000
21.7000000000000
25.4000000000000
4.80000000000000
4.90000000000000
5
5.80000000000000
6.10000000000000
6.70000000000000
6.90000000000000
7.20000000000000
7.50000000000000
7.60000000000000
7.70000000000000
7.80000000000000
7.80000000000000
7.90000000000000
7.90000000000000
8.60000000000000
8.60000000000000
8.80000000000000
9.10000000000000
9.70000000000000
10.1000000000000
10.7000000000000
10.8000000000000
10.9000000000000
10.9000000000000
11.2000000000000
11.2000000000000
11.3000000000000
11.5000000000000
11.6000000000000
12
12
12.3000000000000
12.4000000000000
12.4000000000000
12.5000000000000
12.5000000000000
12.6000000000000
12.6000000000000
12.7000000000000
13
13.3000000000000
13.5000000000000
13.5000000000000
13.6000000000000
13.6000000000000
13.7000000000000
13.7000000000000
13.9000000000000
14
14
14
14
14.1000000000000
14.2000000000000
14.2000000000000
14.3000000000000
14.5000000000000
14.5000000000000
14.5000000000000
14.6000000000000
14.8000000000000
14.8000000000000
14.8000000000000
14.8000000000000
14.8000000000000
15
15.1000000000000
15.2000000000000
15.2000000000000
15.2000000000000
15.2000000000000
15.2000000000000
15.2000000000000
15.3000000000000
15.3000000000000
15.3000000000000
15.5000000000000
15.5000000000000
15.5000000000000
15.6000000000000
15.6000000000000
15.6000000000000
15.6000000000000
15.7000000000000
15.7000000000000
15.7000000000000
15.8000000000000
15.8000000000000
15.9000000000000
15.9000000000000
15.9000000000000
16
16.1000000000000
16.3000000000000
16.3000000000000
16.5000000000000
16.6000000000000
16.7000000000000
16.7000000000000
16.8000000000000
16.8000000000000
16.9000000000000
17
17
17.1000000000000
17.1000000000000
17.1000000000000
17.1000000000000
17.2000000000000
17.3000000000000
17.4000000000000
17.5000000000000
17.6000000000000
17.6000000000000
17.9000000000000
17.9000000000000
18.1000000000000
18.1000000000000
18.1000000000000
18.1000000000000
18.1000000000000
18.2000000000000
18.2000000000000
18.6000000000000
18.7000000000000
19.1000000000000
19.1000000000000
19.1000000000000
19.2000000000000
19.2000000000000
19.3000000000000
19.5000000000000
19.6000000000000
20
20.3000000000000
20.5000000000000
20.5000000000000
20.6000000000000
21
21
21.2000000000000
21.2000000000000
21.2000000000000
21.8000000000000
21.8000000000000
21.8000000000000
21.9000000000000
22
22.1000000000000
22.2000000000000
22.3000000000000
22.7000000000000
23.5000000000000
23.7000000000000
24.8000000000000
25.6000000000000
26.7000000000000