height(cm)
37.1000000000000
38.5000000000000
41.1000000000000
42.3000000000000
43.5000000000000
44.5000000000000
46.5000000000000
48.5000000000000
49.8000000000000
50.7000000000000
52.3000000000000
54.1000000000000
56
59.1000000000000
62.1000000000000
63.7000000000000
68.4000000000000
72.6000000000000
76
77.5000000000000
91
96.6000000000000
99.1000000000000
101
101.300000000000
103.800000000000
104.500000000000
104.900000000000
105.900000000000
107.500000000000
108.200000000000
117.500000000000
117.500000000000
118.200000000000
35
41.6000000000000
42.1000000000000
46.2000000000000
46.2000000000000
48.1000000000000
48.6000000000000
51.4000000000000
52.8000000000000
54.4000000000000
59.3000000000000
60.7000000000000
63.3000000000000
65.6000000000000
72.3000000000000
75.1000000000000
94.5000000000000
94.5000000000000
95
95.5000000000000
96.3000000000000
98
100.300000000000
101.800000000000
104.200000000000
105.200000000000
109.900000000000
110.200000000000
112
113.900000000000
122.100000000000
125
38.7000000000000
43
46.8000000000000
49.2000000000000
51
51.8000000000000
52.1000000000000
53.9000000000000
55.6000000000000
56
57.9000000000000
59.9000000000000
60
60.1000000000000
61
62
64
68.5000000000000
69.5000000000000
72.3000000000000
75
75.5000000000000
84.6000000000000
87.6000000000000
89.3000000000000
91.3000000000000
93.5000000000000
93.9000000000000
94.5000000000000
94.5000000000000
94.9000000000000
95.6000000000000
95.6000000000000
95.7000000000000
96
98.5000000000000
99
100.900000000000
100.900000000000
101.200000000000
102.800000000000
110