year	month	day	hour	minute	second	U(m/s)	V(m/s)
2023	6	1	18	0	0	1.88831191	-5.350824246
2023	6	1	18	10	0	NaN	NaN
2023	6	1	18	20	0	NaN	NaN
2023	6	1	18	30	0	NaN	NaN
2023	6	1	18	40	0	NaN	NaN
2023	6	1	18	50	0	NaN	NaN
2023	6	1	19	0	0	2.759096213	-5.675972142
2023	6	1	19	10	0	NaN	NaN
2023	6	1	19	20	0	NaN	NaN
2023	6	1	19	30	0	NaN	NaN
2023	6	1	19	40	0	NaN	NaN
2023	6	1	19	50	0	NaN	NaN
2023	6	1	20	0	0	3.275250224	-5.392998241
2023	6	1	20	10	0	NaN	NaN
2023	6	1	20	20	0	NaN	NaN
2023	6	1	20	30	0	NaN	NaN
2023	6	1	20	40	0	NaN	NaN
2023	6	1	20	50	0	NaN	NaN
2023	6	1	21	0	0	3.633189195	-5.083722279
2023	6	1	21	10	0	NaN	NaN
2023	6	1	21	20	0	NaN	NaN
2023	6	1	21	30	0	NaN	NaN
2023	6	1	21	40	0	NaN	NaN
2023	6	1	21	50	0	NaN	NaN
2023	6	1	22	0	0	3.527913027	-4.617087432
2023	6	1	22	10	0	NaN	NaN
2023	6	1	22	20	0	NaN	NaN
2023	6	1	22	30	0	NaN	NaN
2023	6	1	22	40	0	NaN	NaN
2023	6	1	22	50	0	NaN	NaN
2023	6	1	23	0	0	3.404589516	-5.259673999
2023	6	1	23	10	0	NaN	NaN
2023	6	1	23	20	0	NaN	NaN
2023	6	1	23	30	0	NaN	NaN
2023	6	1	23	40	0	NaN	NaN
2023	6	1	23	50	0	NaN	NaN
2023	6	2	0	0	0	2.707059707	-5.208430328
2023	6	2	0	10	0	NaN	NaN
2023	6	2	0	20	0	NaN	NaN
2023	6	2	0	30	0	NaN	NaN
2023	6	2	0	40	0	NaN	NaN
2023	6	2	0	50	0	NaN	NaN
2023	6	2	1	0	0	2.148795228	-5.252418258
2023	6	2	1	10	0	NaN	NaN
2023	6	2	1	20	0	NaN	NaN
2023	6	2	1	30	0	NaN	NaN
2023	6	2	1	40	0	NaN	NaN
2023	6	2	1	50	0	NaN	NaN
2023	6	2	2	0	0	1.873874035	-5.087803633
2023	6	2	2	10	0	NaN	NaN
2023	6	2	2	20	0	NaN	NaN
2023	6	2	2	30	0	NaN	NaN
2023	6	2	2	40	0	NaN	NaN
2023	6	2	2	50	0	NaN	NaN
2023	6	2	3	0	0	1.266280152	-4.498728156
2023	6	2	3	10	0	NaN	NaN
2023	6	2	3	20	0	NaN	NaN
2023	6	2	3	30	0	NaN	NaN
2023	6	2	3	40	0	NaN	NaN
2023	6	2	3	50	0	NaN	NaN
2023	6	2	4	0	0	0.441516574	-3.664317935
2023	6	2	4	10	0	NaN	NaN
2023	6	2	4	20	0	NaN	NaN
2023	6	2	4	30	0	NaN	NaN
2023	6	2	4	40	0	NaN	NaN
2023	6	2	4	50	0	NaN	NaN
2023	6	2	5	0	0	-0.210894878	-3.097009681
2023	6	2	5	10	0	NaN	NaN
2023	6	2	5	20	0	NaN	NaN
2023	6	2	5	30	0	NaN	NaN
2023	6	2	5	40	0	NaN	NaN
2023	6	2	5	50	0	NaN	NaN
2023	6	2	6	0	0	-0.269849532	-2.698850891
2023	6	2	6	10	0	NaN	NaN
2023	6	2	6	20	0	NaN	NaN
2023	6	2	6	30	0	NaN	NaN
2023	6	2	6	40	0	NaN	NaN
2023	6	2	6	50	0	NaN	NaN
2023	6	2	7	0	0	-0.402798293	-2.26259946
2023	6	2	7	10	0	NaN	NaN
2023	6	2	7	20	0	NaN	NaN
2023	6	2	7	30	0	NaN	NaN
2023	6	2	7	40	0	NaN	NaN
2023	6	2	7	50	0	NaN	NaN
2023	6	2	8	0	0	-0.89488918	-2.214983659
2023	6	2	8	10	0	NaN	NaN
2023	6	2	8	20	0	NaN	NaN
2023	6	2	8	30	0	NaN	NaN
2023	6	2	8	40	0	NaN	NaN
2023	6	2	8	50	0	NaN	NaN
2023	6	2	9	0	0	-1.531960391	-2.073950192
2023	6	2	9	10	0	NaN	NaN
2023	6	2	9	20	0	NaN	NaN
2023	6	2	9	30	0	NaN	NaN
2023	6	2	9	40	0	NaN	NaN
2023	6	2	9	50	0	NaN	NaN
2023	6	2	10	0	0	-1.997581842	-0.851357825
2023	6	2	10	10	0	NaN	NaN
2023	6	2	10	20	0	NaN	NaN
2023	6	2	10	30	0	NaN	NaN
2023	6	2	10	40	0	NaN	NaN
2023	6	2	10	50	0	NaN	NaN
2023	6	2	11	0	0	-1.725066961	0.191654952
2023	6	2	11	10	0	NaN	NaN
2023	6	2	11	20	0	NaN	NaN
2023	6	2	11	30	0	NaN	NaN
2023	6	2	11	40	0	NaN	NaN
2023	6	2	11	50	0	NaN	NaN
2023	6	2	12	0	0	-1.384874545	1.257795403
2023	6	2	12	10	0	NaN	NaN
2023	6	2	12	20	0	NaN	NaN
2023	6	2	12	30	0	NaN	NaN
2023	6	2	12	40	0	NaN	NaN
2023	6	2	12	50	0	NaN	NaN
2023	6	2	13	0	0	-1.153868553	1.872719457
2023	6	2	13	10	0	NaN	NaN
2023	6	2	13	20	0	NaN	NaN
2023	6	2	13	30	0	NaN	NaN
2023	6	2	13	40	0	NaN	NaN
2023	6	2	13	50	0	NaN	NaN
2023	6	2	14	0	0	-1.535870648	1.957520931
2023	6	2	14	10	0	NaN	NaN
2023	6	2	14	20	0	NaN	NaN
2023	6	2	14	30	0	NaN	NaN
2023	6	2	14	40	0	NaN	NaN
2023	6	2	14	50	0	NaN	NaN
2023	6	2	15	0	0	-2.220466529	1.539408853
2023	6	2	15	10	0	NaN	NaN
2023	6	2	15	20	0	NaN	NaN
2023	6	2	15	30	0	NaN	NaN
2023	6	2	15	40	0	NaN	NaN
2023	6	2	15	50	0	NaN	NaN
2023	6	2	16	0	0	-3.100575292	1.187051928
2023	6	2	16	10	0	NaN	NaN
2023	6	2	16	20	0	NaN	NaN
2023	6	2	16	30	0	NaN	NaN
2023	6	2	16	40	0	NaN	NaN
2023	6	2	16	50	0	NaN	NaN
2023	6	2	17	0	0	-3.57371647	1.008832788
2023	6	2	17	10	0	NaN	NaN
2023	6	2	17	20	0	NaN	NaN
2023	6	2	17	30	0	NaN	NaN
2023	6	2	17	40	0	NaN	NaN
2023	6	2	17	50	0	NaN	NaN
2023	6	2	18	0	0	-3.817957179	-0.385176462
2023	6	2	18	10	0	NaN	NaN
2023	6	2	18	20	0	NaN	NaN
2023	6	2	18	30	0	NaN	NaN
2023	6	2	18	40	0	NaN	NaN
2023	6	2	18	50	0	NaN	NaN
2023	6	2	19	0	0	-4.231241335	-2.293889843
2023	6	2	19	10	0	NaN	NaN
2023	6	2	19	20	0	NaN	NaN
2023	6	2	19	30	0	NaN	NaN
2023	6	2	19	40	0	NaN	NaN
2023	6	2	19	50	0	NaN	NaN
2023	6	2	20	0	0	-4.053475006	-2.11521722
2023	6	2	20	10	0	NaN	NaN
2023	6	2	20	20	0	NaN	NaN
2023	6	2	20	30	0	NaN	NaN
2023	6	2	20	40	0	NaN	NaN
2023	6	2	20	50	0	NaN	NaN
2023	6	2	21	0	0	-3.38662568	-1.355631828
2023	6	2	21	10	0	NaN	NaN
2023	6	2	21	20	0	NaN	NaN
2023	6	2	21	30	0	NaN	NaN
2023	6	2	21	40	0	NaN	NaN
2023	6	2	21	50	0	NaN	NaN
2023	6	2	22	0	0	-2.797981507	-1.582373736
2023	6	2	22	10	0	NaN	NaN
2023	6	2	22	20	0	NaN	NaN
2023	6	2	22	30	0	NaN	NaN
2023	6	2	22	40	0	NaN	NaN
2023	6	2	22	50	0	NaN	NaN
2023	6	2	23	0	0	-2.412971521	-1.903440278
2023	6	2	23	10	0	NaN	NaN
2023	6	2	23	20	0	NaN	NaN
2023	6	2	23	30	0	NaN	NaN
2023	6	2	23	40	0	NaN	NaN
2023	6	2	23	50	0	NaN	NaN
2023	6	3	0	0	0	-2.146472422	-2.629014383
2023	6	3	0	10	0	NaN	NaN
2023	6	3	0	20	0	NaN	NaN
2023	6	3	0	30	0	NaN	NaN
2023	6	3	0	40	0	NaN	NaN
2023	6	3	0	50	0	NaN	NaN
2023	6	3	1	0	0	-2.385599718	-3.004952467
2023	6	3	1	10	0	NaN	NaN
2023	6	3	1	20	0	NaN	NaN
2023	6	3	1	30	0	NaN	NaN
2023	6	3	1	40	0	NaN	NaN
2023	6	3	1	50	0	NaN	NaN
2023	6	3	2	0	0	-2.672853262	-3.335088684
2023	6	3	2	10	0	NaN	NaN
2023	6	3	2	20	0	NaN	NaN
2023	6	3	2	30	0	NaN	NaN
2023	6	3	2	40	0	NaN	NaN
2023	6	3	2	50	0	NaN	NaN
2023	6	3	3	0	0	-2.885511121	-3.360483778
2023	6	3	3	10	0	NaN	NaN
2023	6	3	3	20	0	NaN	NaN
2023	6	3	3	30	0	NaN	NaN
2023	6	3	3	40	0	NaN	NaN
2023	6	3	3	50	0	NaN	NaN
2023	6	3	4	0	0	-3.306615792	-2.987266598
2023	6	3	4	10	0	NaN	NaN
2023	6	3	4	20	0	NaN	NaN
2023	6	3	4	30	0	NaN	NaN
2023	6	3	4	40	0	NaN	NaN
2023	6	3	4	50	0	NaN	NaN
2023	6	3	5	0	0	-3.391137516	-2.998150209
2023	6	3	5	10	0	NaN	NaN
2023	6	3	5	20	0	NaN	NaN
2023	6	3	5	30	0	NaN	NaN
2023	6	3	5	40	0	NaN	NaN
2023	6	3	5	50	0	NaN	NaN
2023	6	3	6	0	0	-3.727720464	-3.128753548
2023	6	3	6	10	0	NaN	NaN
2023	6	3	6	20	0	NaN	NaN
2023	6	3	6	30	0	NaN	NaN
2023	6	3	6	40	0	NaN	NaN
2023	6	3	6	50	0	NaN	NaN
2023	6	3	7	0	0	-4.114835973	-3.146892901
2023	6	3	7	10	0	NaN	NaN
2023	6	3	7	20	0	NaN	NaN
2023	6	3	7	30	0	NaN	NaN
2023	6	3	7	40	0	NaN	NaN
2023	6	3	7	50	0	NaN	NaN
2023	6	3	8	0	0	-3.932557808	-2.663025669
2023	6	3	8	10	0	NaN	NaN
2023	6	3	8	20	0	NaN	NaN
2023	6	3	8	30	0	NaN	NaN
2023	6	3	8	40	0	NaN	NaN
2023	6	3	8	50	0	NaN	NaN
2023	6	3	9	0	0	-3.920827035	-1.876231249
2023	6	3	9	10	0	NaN	NaN
2023	6	3	9	20	0	NaN	NaN
2023	6	3	9	30	0	NaN	NaN
2023	6	3	9	40	0	NaN	NaN
2023	6	3	9	50	0	NaN	NaN
2023	6	3	10	0	0	-3.726818097	-1.2191332
2023	6	3	10	10	0	NaN	NaN
2023	6	3	10	20	0	NaN	NaN
2023	6	3	10	30	0	NaN	NaN
2023	6	3	10	40	0	NaN	NaN
2023	6	3	10	50	0	NaN	NaN
2023	6	3	11	0	0	-4.322079629	-1.252691002
2023	6	3	11	10	0	NaN	NaN
2023	6	3	11	20	0	NaN	NaN
2023	6	3	11	30	0	NaN	NaN
2023	6	3	11	40	0	NaN	NaN
2023	6	3	11	50	0	NaN	NaN
2023	6	3	12	0	0	-4.351256167	-0.873125048
2023	6	3	12	10	0	NaN	NaN
2023	6	3	12	20	0	NaN	NaN
2023	6	3	12	30	0	NaN	NaN
2023	6	3	12	40	0	NaN	NaN
2023	6	3	12	50	0	NaN	NaN
2023	6	3	13	0	0	-4.370807455	-0.598767339
2023	6	3	13	10	0	NaN	NaN
2023	6	3	13	20	0	NaN	NaN
2023	6	3	13	30	0	NaN	NaN
2023	6	3	13	40	0	NaN	NaN
2023	6	3	13	50	0	NaN	NaN
2023	6	3	14	0	0	-4.468563897	-0.182469196
2023	6	3	14	10	0	NaN	NaN
2023	6	3	14	20	0	NaN	NaN
2023	6	3	14	30	0	NaN	NaN
2023	6	3	14	40	0	NaN	NaN
2023	6	3	14	50	0	NaN	NaN
2023	6	3	15	0	0	-3.907592316	0.536302652
2023	6	3	15	10	0	NaN	NaN
2023	6	3	15	20	0	NaN	NaN
2023	6	3	15	30	0	NaN	NaN
2023	6	3	15	40	0	NaN	NaN
2023	6	3	15	50	0	NaN	NaN
2023	6	3	16	0	0	-3.42151721	1.769778631
2023	6	3	16	10	0	NaN	NaN
2023	6	3	16	20	0	NaN	NaN
2023	6	3	16	30	0	NaN	NaN
2023	6	3	16	40	0	NaN	NaN
2023	6	3	16	50	0	NaN	NaN
2023	6	3	17	0	0	-3.266610848	2.691711229
2023	6	3	17	10	0	NaN	NaN
2023	6	3	17	20	0	NaN	NaN
2023	6	3	17	30	0	NaN	NaN
2023	6	3	17	40	0	NaN	NaN
2023	6	3	17	50	0	NaN	NaN
2023	6	3	18	0	0	-3.471448192	2.610084142
2023	6	3	18	10	0	NaN	NaN
2023	6	3	18	20	0	NaN	NaN
2023	6	3	18	30	0	NaN	NaN
2023	6	3	18	40	0	NaN	NaN
2023	6	3	18	50	0	NaN	NaN
2023	6	3	19	0	0	-3.685609997	2.217367157
2023	6	3	19	10	0	NaN	NaN
2023	6	3	19	20	0	NaN	NaN
2023	6	3	19	30	0	NaN	NaN
2023	6	3	19	40	0	NaN	NaN
2023	6	3	19	50	0	NaN	NaN
2023	6	3	20	0	0	-3.773139611	2.469504159
2023	6	3	20	10	0	NaN	NaN
2023	6	3	20	20	0	NaN	NaN
2023	6	3	20	30	0	NaN	NaN
2023	6	3	20	40	0	NaN	NaN
2023	6	3	20	50	0	NaN	NaN
2023	6	3	21	0	0	-3.82397296	2.907569525
2023	6	3	21	10	0	NaN	NaN
2023	6	3	21	20	0	NaN	NaN
2023	6	3	21	30	0	NaN	NaN
2023	6	3	21	40	0	NaN	NaN
2023	6	3	21	50	0	NaN	NaN
2023	6	3	22	0	0	-4.023396101	2.27586657
2023	6	3	22	10	0	NaN	NaN
2023	6	3	22	20	0	NaN	NaN
2023	6	3	22	30	0	NaN	NaN
2023	6	3	22	40	0	NaN	NaN
2023	6	3	22	50	0	NaN	NaN
2023	6	3	23	0	0	-4.995847103	2.674932328
2023	6	3	23	10	0	NaN	NaN
2023	6	3	23	20	0	NaN	NaN
2023	6	3	23	30	0	NaN	NaN
2023	6	3	23	40	0	NaN	NaN
2023	6	3	23	50	0	NaN	NaN
2023	6	4	0	0	0	-4.772060049	2.903941655
2023	6	4	0	10	0	NaN	NaN
2023	6	4	0	20	0	NaN	NaN
2023	6	4	0	30	0	NaN	NaN
2023	6	4	0	40	0	NaN	NaN
2023	6	4	0	50	0	NaN	NaN
2023	6	4	1	0	0	-4.466458373	2.701234389
2023	6	4	1	10	0	NaN	NaN
2023	6	4	1	20	0	NaN	NaN
2023	6	4	1	30	0	NaN	NaN
2023	6	4	1	40	0	NaN	NaN
2023	6	4	1	50	0	NaN	NaN
2023	6	4	2	0	0	-4.222819242	2.903034687
2023	6	4	2	10	0	NaN	NaN
2023	6	4	2	20	0	NaN	NaN
2023	6	4	2	30	0	NaN	NaN
2023	6	4	2	40	0	NaN	NaN
2023	6	4	2	50	0	NaN	NaN
2023	6	4	3	0	0	-4.014974008	3.858071603
2023	6	4	3	10	0	NaN	NaN
2023	6	4	3	20	0	NaN	NaN
2023	6	4	3	30	0	NaN	NaN
2023	6	4	3	40	0	NaN	NaN
2023	6	4	3	50	0	NaN	NaN
2023	6	4	4	0	0	-4.335915925	4.151475632
2023	6	4	4	10	0	NaN	NaN
2023	6	4	4	20	0	NaN	NaN
2023	6	4	4	30	0	NaN	NaN
2023	6	4	4	40	0	NaN	NaN
2023	6	4	4	50	0	NaN	NaN
2023	6	4	5	0	0	-4.360580627	4.64441254
2023	6	4	5	10	0	NaN	NaN
2023	6	4	5	20	0	NaN	NaN
2023	6	4	5	30	0	NaN	NaN
2023	6	4	5	40	0	NaN	NaN
2023	6	4	5	50	0	NaN	NaN
2023	6	4	6	0	0	-4.068815248	4.194103111
2023	6	4	6	10	0	NaN	NaN
2023	6	4	6	20	0	NaN	NaN
2023	6	4	6	30	0	NaN	NaN
2023	6	4	6	40	0	NaN	NaN
2023	6	4	6	50	0	NaN	NaN
2023	6	4	7	0	0	-4.041744233	4.207254142
2023	6	4	7	10	0	NaN	NaN
2023	6	4	7	20	0	NaN	NaN
2023	6	4	7	30	0	NaN	NaN
2023	6	4	7	40	0	NaN	NaN
2023	6	4	7	50	0	NaN	NaN
2023	6	4	8	0	0	-4.145817245	4.151475632
2023	6	4	8	10	0	NaN	NaN
2023	6	4	8	20	0	NaN	NaN
2023	6	4	8	30	0	NaN	NaN
2023	6	4	8	40	0	NaN	NaN
2023	6	4	8	50	0	NaN	NaN
2023	6	4	9	0	0	-4.22973739	4.086627446
2023	6	4	9	10	0	NaN	NaN
2023	6	4	9	20	0	NaN	NaN
2023	6	4	9	30	0	NaN	NaN
2023	6	4	9	40	0	NaN	NaN
2023	6	4	9	50	0	NaN	NaN
2023	6	4	10	0	0	-4.427957375	3.943780044
2023	6	4	10	10	0	NaN	NaN
2023	6	4	10	20	0	NaN	NaN
2023	6	4	10	30	0	NaN	NaN
2023	6	4	10	40	0	NaN	NaN
2023	6	4	10	50	0	NaN	NaN
2023	6	4	11	0	0	-4.866507811	3.983233136
2023	6	4	11	10	0	NaN	NaN
2023	6	4	11	20	0	NaN	NaN
2023	6	4	11	30	0	NaN	NaN
2023	6	4	11	40	0	NaN	NaN
2023	6	4	11	50	0	NaN	NaN
2023	6	4	12	0	0	-4.82259261	4.05261616
2023	6	4	12	10	0	NaN	NaN
2023	6	4	12	20	0	NaN	NaN
2023	6	4	12	30	0	NaN	NaN
2023	6	4	12	40	0	NaN	NaN
2023	6	4	12	50	0	NaN	NaN
2023	6	4	13	0	0	-4.821389454	4.301125291
2023	6	4	13	10	0	NaN	NaN
2023	6	4	13	20	0	NaN	NaN
2023	6	4	13	30	0	NaN	NaN
2023	6	4	13	40	0	NaN	NaN
2023	6	4	13	50	0	NaN	NaN
2023	6	4	14	0	0	-4.976897393	4.265753554
2023	6	4	14	10	0	NaN	NaN
2023	6	4	14	20	0	NaN	NaN
2023	6	4	14	30	0	NaN	NaN
2023	6	4	14	40	0	NaN	NaN
2023	6	4	14	50	0	NaN	NaN
2023	6	4	15	0	0	-5.372434995	4.530134618
2023	6	4	15	10	0	NaN	NaN
2023	6	4	15	20	0	NaN	NaN
2023	6	4	15	30	0	NaN	NaN
2023	6	4	15	40	0	NaN	NaN
2023	6	4	15	50	0	NaN	NaN
2023	6	4	16	0	0	-5.257232789	5.337789295
2023	6	4	16	10	0	NaN	NaN
2023	6	4	16	20	0	NaN	NaN
2023	6	4	16	30	0	NaN	NaN
2023	6	4	16	40	0	NaN	NaN
2023	6	4	16	50	0	NaN	NaN
2023	6	4	17	0	0	-4.500447536	6.144990487
2023	6	4	17	10	0	NaN	NaN
2023	6	4	17	20	0	NaN	NaN
2023	6	4	17	30	0	NaN	NaN
2023	6	4	17	40	0	NaN	NaN
2023	6	4	17	50	0	NaN	NaN
2023	6	4	18	0	0	-3.613420624	7.22564242
2023	6	4	18	10	0	NaN	NaN
2023	6	4	18	20	0	NaN	NaN
2023	6	4	18	30	0	NaN	NaN
2023	6	4	18	40	0	NaN	NaN
2023	6	4	18	50	0	NaN	NaN
2023	6	4	19	0	0	-3.039515115	7.521767352
2023	6	4	19	10	0	NaN	NaN
2023	6	4	19	20	0	NaN	NaN
2023	6	4	19	30	0	NaN	NaN
2023	6	4	19	40	0	NaN	NaN
2023	6	4	19	50	0	NaN	NaN
2023	6	4	20	0	0	-2.66382959	7.750776679
2023	6	4	20	10	0	NaN	NaN
2023	6	4	20	20	0	NaN	NaN
2023	6	4	20	30	0	NaN	NaN
2023	6	4	20	40	0	NaN	NaN
2023	6	4	20	50	0	NaN	NaN
2023	6	4	21	0	0	-2.823247787	7.881833502
2023	6	4	21	10	0	NaN	NaN
2023	6	4	21	20	0	NaN	NaN
2023	6	4	21	30	0	NaN	NaN
2023	6	4	21	40	0	NaN	NaN
2023	6	4	21	50	0	NaN	NaN
2023	6	4	22	0	0	-2.594648108	7.941239882
2023	6	4	22	10	0	NaN	NaN
2023	6	4	22	20	0	NaN	NaN
2023	6	4	22	30	0	NaN	NaN
2023	6	4	22	40	0	NaN	NaN
2023	6	4	22	50	0	NaN	NaN
2023	6	4	23	0	0	-2.340782149	8.091796509
2023	6	4	23	10	0	NaN	NaN
2023	6	4	23	20	0	NaN	NaN
2023	6	4	23	30	0	NaN	NaN
2023	6	4	23	40	0	NaN	NaN
2023	6	4	23	50	0	NaN	NaN
2023	6	5	0	0	0	-2.50230587	7.528116125
2023	6	5	0	10	0	NaN	NaN
2023	6	5	0	20	0	NaN	NaN
2023	6	5	0	30	0	NaN	NaN
2023	6	5	0	40	0	NaN	NaN
2023	6	5	0	50	0	NaN	NaN
2023	6	5	1	0	0	-2.612394662	7.099120436
2023	6	5	1	10	0	NaN	NaN
2023	6	5	1	20	0	NaN	NaN
2023	6	5	1	30	0	NaN	NaN
2023	6	5	1	40	0	NaN	NaN
2023	6	5	1	50	0	NaN	NaN
2023	6	5	2	0	0	-2.764593922	6.434766645
2023	6	5	2	10	0	NaN	NaN
2023	6	5	2	20	0	NaN	NaN
2023	6	5	2	30	0	NaN	NaN
2023	6	5	2	40	0	NaN	NaN
2023	6	5	2	50	0	NaN	NaN
2023	6	5	3	0	0	-3.492804215	5.789459175
2023	6	5	3	10	0	NaN	NaN
2023	6	5	3	20	0	NaN	NaN
2023	6	5	3	30	0	NaN	NaN
2023	6	5	3	40	0	NaN	NaN
2023	6	5	3	50	0	NaN	NaN
2023	6	5	4	0	0	-4.027306359	5.740029439
2023	6	5	4	10	0	NaN	NaN
2023	6	5	4	20	0	NaN	NaN
2023	6	5	4	30	0	NaN	NaN
2023	6	5	4	40	0	NaN	NaN
2023	6	5	4	50	0	NaN	NaN
2023	6	5	5	0	0	-4.042045022	5.85067949
2023	6	5	5	10	0	NaN	NaN
2023	6	5	5	20	0	NaN	NaN
2023	6	5	5	30	0	NaN	NaN
2023	6	5	5	40	0	NaN	NaN
2023	6	5	5	50	0	NaN	NaN
2023	6	5	6	0	0	-3.420614843	6.137281262
2023	6	5	6	10	0	NaN	NaN
2023	6	5	6	20	0	NaN	NaN
2023	6	5	6	30	0	NaN	NaN
2023	6	5	6	40	0	NaN	NaN
2023	6	5	6	50	0	NaN	NaN
2023	6	5	7	0	0	-2.165722921	5.669739448
2023	6	5	7	10	0	NaN	NaN
2023	6	5	7	20	0	NaN	NaN
2023	6	5	7	30	0	NaN	NaN
2023	6	5	7	40	0	NaN	NaN
2023	6	5	7	50	0	NaN	NaN
2023	6	5	8	0	0	-0.951136733	4.500204687
2023	6	5	8	10	0	NaN	NaN
2023	6	5	8	20	0	NaN	NaN
2023	6	5	8	30	0	NaN	NaN
2023	6	5	8	40	0	NaN	NaN
2023	6	5	8	50	0	NaN	NaN
2023	6	5	9	0	0	-0.244884041	2.884895334
2023	6	5	9	10	0	NaN	NaN
2023	6	5	9	20	0	NaN	NaN
2023	6	5	9	30	0	NaN	NaN
2023	6	5	9	40	0	NaN	NaN
2023	6	5	9	50	0	NaN	NaN
2023	6	5	10	0	0	1.234998091	1.54983898
2023	6	5	10	10	0	NaN	NaN
2023	6	5	10	20	0	NaN	NaN
2023	6	5	10	30	0	NaN	NaN
2023	6	5	10	40	0	NaN	NaN
2023	6	5	10	50	0	NaN	NaN
2023	6	5	11	0	0	1.755363149	0.058784194
2023	6	5	11	10	0	NaN	NaN
2023	6	5	11	20	0	NaN	NaN
2023	6	5	11	30	0	NaN	NaN
2023	6	5	11	40	0	NaN	NaN
2023	6	5	11	50	0	NaN	NaN
2023	6	5	12	0	0	2.29407634	-1.214144878
2023	6	5	12	10	0	NaN	NaN
2023	6	5	12	20	0	NaN	NaN
2023	6	5	12	30	0	NaN	NaN
2023	6	5	12	40	0	NaN	NaN
2023	6	5	12	50	0	NaN	NaN
2023	6	5	13	0	0	2.880614989	-2.597724
2023	6	5	13	10	0	NaN	NaN
2023	6	5	13	20	0	NaN	NaN
2023	6	5	13	30	0	NaN	NaN
2023	6	5	13	40	0	NaN	NaN
2023	6	5	13	50	0	NaN	NaN
2023	6	5	14	0	0	3.829002867	-3.595841879
2023	6	5	14	10	0	NaN	NaN
2023	6	5	14	20	0	NaN	NaN
2023	6	5	14	30	0	NaN	NaN
2023	6	5	14	40	0	NaN	NaN
2023	6	5	14	50	0	NaN	NaN
2023	6	5	15	0	0	4.627297009	-4.467891257
2023	6	5	15	10	0	NaN	NaN
2023	6	5	15	20	0	NaN	NaN
2023	6	5	15	30	0	NaN	NaN
2023	6	5	15	40	0	NaN	NaN
2023	6	5	15	50	0	NaN	NaN
2023	6	5	16	0	0	4.819501213	-4.652912653
2023	6	5	16	10	0	NaN	NaN
2023	6	5	16	20	0	NaN	NaN
2023	6	5	16	30	0	NaN	NaN
2023	6	5	16	40	0	NaN	NaN
2023	6	5	16	50	0	NaN	NaN
2023	6	5	17	0	0	4.897104788	-4.504623446
2023	6	5	17	10	0	NaN	NaN
2023	6	5	17	20	0	NaN	NaN
2023	6	5	17	30	0	NaN	NaN
2023	6	5	17	40	0	NaN	NaN
2023	6	5	17	50	0	NaN	NaN
2023	6	5	18	0	0	4.965083113	-4.488751512
2023	6	5	18	10	0	NaN	NaN
2023	6	5	18	20	0	NaN	NaN
2023	6	5	18	30	0	NaN	NaN
2023	6	5	18	40	0	NaN	NaN
2023	6	5	18	50	0	NaN	NaN
2023	6	5	19	0	0	4.978618621	-4.863329144
2023	6	5	19	10	0	NaN	NaN
2023	6	5	19	20	0	NaN	NaN
2023	6	5	19	30	0	NaN	NaN
2023	6	5	19	40	0	NaN	NaN
2023	6	5	19	50	0	NaN	NaN
2023	6	5	20	0	0	4.877854289	-5.10412905
2023	6	5	20	10	0	NaN	NaN
2023	6	5	20	20	0	NaN	NaN
2023	6	5	20	30	0	NaN	NaN
2023	6	5	20	40	0	NaN	NaN
2023	6	5	20	50	0	NaN	NaN
2023	6	5	21	0	0	4.676024835	-4.916386751
2023	6	5	21	10	0	NaN	NaN
2023	6	5	21	20	0	NaN	NaN
2023	6	5	21	30	0	NaN	NaN
2023	6	5	21	40	0	NaN	NaN
2023	6	5	21	50	0	NaN	NaN
2023	6	5	22	0	0	4.993958862	-4.930444749
2023	6	5	22	10	0	NaN	NaN
2023	6	5	22	20	0	NaN	NaN
2023	6	5	22	30	0	NaN	NaN
2023	6	5	22	40	0	NaN	NaN
2023	6	5	22	50	0	NaN	NaN
2023	6	5	23	0	0	5.266473743	-5.932190498
2023	6	5	23	10	0	NaN	NaN
2023	6	5	23	20	0	NaN	NaN
2023	6	5	23	30	0	NaN	NaN
2023	6	5	23	40	0	NaN	NaN
2023	6	5	23	50	0	NaN	NaN
2023	6	6	0	0	0	4.793031776	-6.090909834
2023	6	6	0	10	0	NaN	NaN
2023	6	6	0	20	0	NaN	NaN
2023	6	6	0	30	0	NaN	NaN
2023	6	6	0	40	0	NaN	NaN
2023	6	6	0	50	0	NaN	NaN
2023	6	6	1	0	0	3.919841161	-5.455579008
2023	6	6	1	10	0	NaN	NaN
2023	6	6	1	20	0	NaN	NaN
2023	6	6	1	30	0	NaN	NaN
2023	6	6	1	40	0	NaN	NaN
2023	6	6	1	50	0	NaN	NaN
2023	6	6	2	0	0	3.626872625	-4.94722365
2023	6	6	2	10	0	NaN	NaN
2023	6	6	2	20	0	NaN	NaN
2023	6	6	2	30	0	NaN	NaN
2023	6	6	2	40	0	NaN	NaN
2023	6	6	2	50	0	NaN	NaN
2023	6	6	3	0	0	3.477380467	-5.082361827
2023	6	6	3	10	0	NaN	NaN
2023	6	6	3	20	0	NaN	NaN
2023	6	6	3	30	0	NaN	NaN
2023	6	6	3	40	0	NaN	NaN
2023	6	6	3	50	0	NaN	NaN
2023	6	6	4	0	0	3.090565747	-5.458299911
2023	6	6	4	10	0	NaN	NaN
2023	6	6	4	20	0	NaN	NaN
2023	6	6	4	30	0	NaN	NaN
2023	6	6	4	40	0	NaN	NaN
2023	6	6	4	50	0	NaN	NaN
2023	6	6	5	0	0	2.580126727	-4.481495771
2023	6	6	5	10	0	NaN	NaN
2023	6	6	5	20	0	NaN	NaN
2023	6	6	5	30	0	NaN	NaN
2023	6	6	5	40	0	NaN	NaN
2023	6	6	5	50	0	NaN	NaN
2023	6	6	6	0	0	2.271517161	-3.048940397
2023	6	6	6	10	0	NaN	NaN
2023	6	6	6	20	0	NaN	NaN
2023	6	6	6	30	0	NaN	NaN
2023	6	6	6	40	0	NaN	NaN
2023	6	6	6	50	0	NaN	NaN
2023	6	6	7	0	0	1.949973665	-2.258971589
2023	6	6	7	10	0	NaN	NaN
2023	6	6	7	20	0	NaN	NaN
2023	6	6	7	30	0	NaN	NaN
2023	6	6	7	40	0	NaN	NaN
2023	6	6	7	50	0	NaN	NaN
2023	6	6	8	0	0	1.076181472	-1.911602986
2023	6	6	8	10	0	NaN	NaN
2023	6	6	8	20	0	NaN	NaN
2023	6	6	8	30	0	NaN	NaN
2023	6	6	8	40	0	NaN	NaN
2023	6	6	8	50	0	NaN	NaN
2023	6	6	9	0	0	0.555214835	-1.176052237
2023	6	6	9	10	0	NaN	NaN
2023	6	6	9	20	0	NaN	NaN
2023	6	6	9	30	0	NaN	NaN
2023	6	6	9	40	0	NaN	NaN
2023	6	6	9	50	0	NaN	NaN
2023	6	6	10	0	0	0.166294592	-0.29584015
2023	6	6	10	10	0	NaN	NaN
2023	6	6	10	20	0	NaN	NaN
2023	6	6	10	30	0	NaN	NaN
2023	6	6	10	40	0	NaN	NaN
2023	6	6	10	50	0	NaN	NaN
2023	6	6	11	0	0	-1.172818264	1.001577047
2023	6	6	11	10	0	NaN	NaN
2023	6	6	11	20	0	NaN	NaN
2023	6	6	11	30	0	NaN	NaN
2023	6	6	11	40	0	NaN	NaN
2023	6	6	11	50	0	NaN	NaN
2023	6	6	12	0	0	-1.393296638	2.372458622
2023	6	6	12	10	0	NaN	NaN
2023	6	6	12	20	0	NaN	NaN
2023	6	6	12	30	0	NaN	NaN
2023	6	6	12	40	0	NaN	NaN
2023	6	6	12	50	0	NaN	NaN
2023	6	6	13	0	0	-1.431797637	2.856325854
2023	6	6	13	10	0	NaN	NaN
2023	6	6	13	20	0	NaN	NaN
2023	6	6	13	30	0	NaN	NaN
2023	6	6	13	40	0	NaN	NaN
2023	6	6	13	50	0	NaN	NaN
2023	6	6	14	0	0	-1.451649714	2.662688265
2023	6	6	14	10	0	NaN	NaN
2023	6	6	14	20	0	NaN	NaN
2023	6	6	14	30	0	NaN	NaN
2023	6	6	14	40	0	NaN	NaN
2023	6	6	14	50	0	NaN	NaN
2023	6	6	15	0	0	-2.339879782	1.913533001
2023	6	6	15	10	0	NaN	NaN
2023	6	6	15	20	0	NaN	NaN
2023	6	6	15	30	0	NaN	NaN
2023	6	6	15	40	0	NaN	NaN
2023	6	6	15	50	0	NaN	NaN
2023	6	6	16	0	0	-2.280925128	2.546596408
2023	6	6	16	10	0	NaN	NaN
2023	6	6	16	20	0	NaN	NaN
2023	6	6	16	30	0	NaN	NaN
2023	6	6	16	40	0	NaN	NaN
2023	6	6	16	50	0	NaN	NaN
2023	6	6	17	0	0	-2.577202343	3.952396237
2023	6	6	17	10	0	NaN	NaN
2023	6	6	17	20	0	NaN	NaN
2023	6	6	17	30	0	NaN	NaN
2023	6	6	17	40	0	NaN	NaN
2023	6	6	17	50	0	NaN	NaN
2023	6	6	18	0	0	-2.551936063	4.960944244
2023	6	6	18	10	0	NaN	NaN
2023	6	6	18	20	0	NaN	NaN
2023	6	6	18	30	0	NaN	NaN
2023	6	6	18	40	0	NaN	NaN
2023	6	6	18	50	0	NaN	NaN
2023	6	6	19	0	0	-1.936220875	5.107873
2023	6	6	19	10	0	NaN	NaN
2023	6	6	19	20	0	NaN	NaN
2023	6	6	19	30	0	NaN	NaN
2023	6	6	19	40	0	NaN	NaN
2023	6	6	19	50	0	NaN	NaN
2023	6	6	20	0	0	-2.80971228	5.083838358
2023	6	6	20	10	0	NaN	NaN
2023	6	6	20	20	0	NaN	NaN
2023	6	6	20	30	0	NaN	NaN
2023	6	6	20	40	0	NaN	NaN
2023	6	6	20	50	0	NaN	NaN
2023	6	6	21	0	0	-2.880999285	4.706539823
2023	6	6	21	10	0	NaN	NaN
2023	6	6	21	20	0	NaN	NaN
2023	6	6	21	30	0	NaN	NaN
2023	6	6	21	40	0	NaN	NaN
2023	6	6	21	50	0	NaN	NaN
2023	6	6	22	0	0	-2.581714179	4.451228434
2023	6	6	22	10	0	NaN	NaN
2023	6	6	22	20	0	NaN	NaN
2023	6	6	22	30	0	NaN	NaN
2023	6	6	22	40	0	NaN	NaN
2023	6	6	22	50	0	NaN	NaN
2023	6	6	23	0	0	-3.888943395	4.726039627
2023	6	6	23	10	0	NaN	NaN
2023	6	6	23	20	0	NaN	NaN
2023	6	6	23	30	0	NaN	NaN
2023	6	6	23	40	0	NaN	NaN
2023	6	6	23	50	0	NaN	NaN
2023	6	7	0	0	0	-3.698844715	4.696109695
2023	6	7	0	10	0	NaN	NaN
2023	6	7	0	20	0	NaN	NaN
2023	6	7	0	30	0	NaN	NaN
2023	6	7	0	40	0	NaN	NaN
2023	6	7	0	50	0	NaN	NaN
2023	6	7	1	0	0	-3.767123829	5.163651509
2023	6	7	1	10	0	NaN	NaN
2023	6	7	1	20	0	NaN	NaN
2023	6	7	1	30	0	NaN	NaN
2023	6	7	1	40	0	NaN	NaN
2023	6	7	1	50	0	NaN	NaN
2023	6	7	2	0	0	-3.573114892	5.645251322
2023	6	7	2	10	0	NaN	NaN
2023	6	7	2	20	0	NaN	NaN
2023	6	7	2	30	0	NaN	NaN
2023	6	7	2	40	0	NaN	NaN
2023	6	7	2	50	0	NaN	NaN
2023	6	7	3	0	0	-3.491901848	5.39900961
2023	6	7	3	10	0	NaN	NaN
2023	6	7	3	20	0	NaN	NaN
2023	6	7	3	30	0	NaN	NaN
2023	6	7	3	40	0	NaN	NaN
2023	6	7	3	50	0	NaN	NaN
2023	6	7	4	0	0	-3.255481654	5.909178903
2023	6	7	4	10	0	NaN	NaN
2023	6	7	4	20	0	NaN	NaN
2023	6	7	4	30	0	NaN	NaN
2023	6	7	4	40	0	NaN	NaN
2023	6	7	4	50	0	NaN	NaN
2023	6	7	5	0	0	-3.03470249	5.42757909
2023	6	7	5	10	0	NaN	NaN
2023	6	7	5	20	0	NaN	NaN
2023	6	7	5	30	0	NaN	NaN
2023	6	7	5	40	0	NaN	NaN
2023	6	7	5	50	0	NaN	NaN
2023	6	7	6	0	0	-3.495210527	5.449799797
2023	6	7	6	10	0	NaN	NaN
2023	6	7	6	20	0	NaN	NaN
2023	6	7	6	30	0	NaN	NaN
2023	6	7	6	40	0	NaN	NaN
2023	6	7	6	50	0	NaN	NaN
2023	6	7	7	0	0	-3.783667227	5.438916186
2023	6	7	7	10	0	NaN	NaN
2023	6	7	7	20	0	NaN	NaN
2023	6	7	7	30	0	NaN	NaN
2023	6	7	7	40	0	NaN	NaN
2023	6	7	7	50	0	NaN	NaN
2023	6	7	8	0	0	-4.754313495	6.033433468
